0.322354
0.320852
0.320745
0.320244
0.319648
0.321901
0.320446
0.319946
0.320148
0.3196
0.319993
0.320041
0.3196
0.320148
0.319552
0.3196
0.319695
0.32115
0.320101
0.3196
0.319552
0.320053
0.319552
0.319695
0.319552
0.319552
0.320101
0.3196
0.320446
0.320649
0.319803
0.320101
0.3196
0.319648
0.319898
0.319552
0.320005
0.3196
0.320053
0.319552
0.319946
0.320148
0.319541
0.320148
0.319552
0.3196
0.320303
0.319541
0.319648
0.3196
0.319552
0.319755
0.319946
0.320053
0.319648
0.3196
0.319695
0.3196
0.319648
0.319993
0.319993
0.32016
0.319695
0.321448
0.3196
0.3196
0.319743
0.3196
0.320745
0.319707
0.3196
0.31985
0.3196
0.3196
0.319743
0.319552
0.319707
0.3196
0.319803
0.319695
0.319648
0.319803
0.3196
0.319552
0.319803
0.319946
0.319707
0.319552
0.319648
0.319755
0.3196
0.319755
0.319946
0.319552
0.320351
0.319958
0.319743
0.3196
0.3196
0.319993
0.3196
0.31985
0.319552
0.3196
0.319743
0.319648
0.319695
0.319541
0.31985
0.319743
0.31966
0.319648
0.3196
0.319552
0.319695
0.3196
0.3196
0.320053
0.3196
0.319743
0.31985
0.320208
0.320446
0.320804
0.320852
0.320506
0.320697
0.320792
0.320208
0.320697
0.320101
0.320756
0.320148
0.32016
0.321543
0.320041
0.320351
0.320148
0.320196
0.320351
0.323641
0.323057
0.320303
0.319755
0.319898
0.319552
0.319743
0.3196
0.319803
0.3196
0.319552
0.319803
0.3196
0.319755
0.320053
0.319946
0.319743
0.31966
0.319743
0.31966
0.319648
0.319803
0.3196
0.320399
0.319958
0.319648
0.319755
0.3196
0.3196
0.319695
0.3196
0.319695
0.319552
0.319552
0.319695
0.3196
0.319695
0.31985
0.3196
0.319695
0.319552
0.320148
0.319541
0.319541
0.320101
0.319993
0.32059
0.3196
0.319946
0.319707
0.3196
0.319743
0.3196
0.319648
0.319743
0.3196
0.319743
0.3196
0.3196
0.319695
0.319505
0.31985
0.319552
0.3196
0.319755
0.3196
0.319707
0.319552
0.319552
0.319743
0.3196
0.319541
0.319695
0.319946
0.319755
0.319648
0.3196
0.320339
0.31966
0.32289
0.3196
0.321794
0.319958
0.319648
0.319803
0.3196
0.319803
0.3196
0.319541
0.319743
0.3196
0.3196
0.319695
0.319552
0.319958
0.319648
0.3196
0.319755
0.319648
0.319755
0.3196
0.3196
0.319648
0.3196
0.319695
0.319648
0.319552
0.319695
0.319946
0.319755
0.319552
0.31985
0.319695
0.320661
0.319695
0.3196
0.319552
0.319755
0.319552
0.319755
0.3196
0.319695
0.319743
0.3196
0.319707
0.3196
0.3196
0.319755
0.3196
0.319552
0.319695
0.3196
0.319743
0.3196
0.3196
0.319743
0.319958
0.319743
0.3196
0.319993
0.320041
0.31966
0.319743
0.319541
0.3196
0.319743
0.3196
0.320256
0.32115
0.320947
0.319743
0.3196
0.320101
0.320494
0.319552
0.319707
0.31985
0.319695
0.319541
0.319541
0.3196
0.319743
0.320554
0.3196
0.3196
0.322604
0.320256
0.319743
0.319552
0.321758
0.320148
0.320649
0.319743
0.320053
0.320053
0.320303
0.321651
0.320148
0.319648
0.320506
0.320148
0.320446
0.320494
0.319898
0.320148
0.319493
0.319946
0.319707
0.322402
0.320745
0.319588
0.320041
0.319791
0.31966
0.320292
0.31966
0.3196
0.319803
0.319648
0.319803
0.319648
0.314403
0.309956
0.304949
0.298953
0.291598
0.28919
0.281501
0.278544
0.272954
0.269246
0.264907
0.260746
0.257301
0.25326
0.250399
0.246453
0.244153
0.243843
0.244105
0.243652
0.243747
0.243807
0.243795
0.243855
0.243855
0.243807
0.243747
0.243652
0.243807
0.245094
0.243855
0.243795
0.244093
0.243807
0.243747
0.2437
0.243747
0.243795
0.244451
0.243795
0.2442
0.244153
0.243855
0.245392
0.24364
0.243807
0.243747
0.243747
0.243795
0.244999
0.246906
0.243807
0.243843
0.243652
0.245106
0.243747
0.243747
0.243795
0.243759
0.243747
0.243747
0.243592
0.243759
0.243747
0.243759
0.243795
0.243807
0.243843
0.243807
0.2437
0.245094
0.243747
0.243843
0.243795
0.243807
0.243747
0.243855
0.243604
0.243795
0.243807
0.243795
0.243855
0.243795
0.243795
0.243807
0.243652
0.243795
0.243807
0.243795
0.243855
0.245094
0.243747
0.243795
0.243807
0.243652
0.243843
0.244141
0.243807
0.243795
0.243795
0.243807
0.244391
0.244796
0.243855
0.243843
0.243855
0.243855
0.243843
0.243807
0.243795
0.2437
0.245297
0.243795
0.243843
0.244951
0.243902
0.243795
0.243843
0.243855
0.2437
0.243795
0.243807
0.243855
0.243795
0.243795
0.243807
0.243795
0.2437
0.243855
0.243902
0.243843
0.245106
0.243855
0.243795
0.243795
0.243652
0.243747
0.243795
0.243807
0.243795
0.244141
0.243747
0.243795
0.24364
0.243998
0.244153
0.244248
0.244153
0.244153
0.244153
0.2442
0.244105
0.245202
0.2442
0.2442
0.244153
0.2442
0.245404
0.244153
